23164   
72289   
13029   
99565   
52379   
43109   
51420   
90074   
94166   
74949   
59777   
27848   
75876   
55188   
36083   
66893   
90074   
90074   
83411   
29950   
44410   
6160    
33255   
8357    
94195   
16093   
59107   
45203   
61116   
76824   
13125   
58483   
59777   
30299   
45611   
12237   
39319   
32325   
82877   
55615   
25060   
66840   
19778   
53291   
86929   
95646   
17222   
19651   
19823   
82074   
20422   
91096   
86675   
5339    
55735   
47163   
72576   
76551   
94462   
82374   
23825   
22134   
55615   
54480   
54324   
86266   
766     
67321   
51142   
57792   
97080   
90074   
49312   
65647   
69344   
59817   
58175   
90074   
78407   
1285    
8851    
55735   
45978   
80887   
96830   
68671   
3168    
90074   
57581   
81777   
55188   
71581   
84593   
45239   
68975   
41608   
85332   
4668    
72888   
95857   
61208   
75876   
71052   
38105   
69344   
75026   
6871    
75876   
61009   
57448   
90074   
83116   
90074   
56932   
56932   
7209    
66321   
82964   
8221    
13125   
94359   
19778   
90492   
71586   
53497   
71586   
81305   
20210   
90079   
90074   
99565   
3168    
86097   
21213   
33260   
90346   
2140    
807     
96673   
68400   
86080   
51318   
3168    
20192   
55735   
78705   
73622   
81777   
90074   
82877   
11241   
21231   
86900   
85758   
56014   
43109   
38783   
36933   
81777   
56591   
23210   
90074   
1114    
13001   
78349   
13125   
97122   
766     
766     
33576   
92699   
47163   
27466   
44322   
33255   
94195   
98195   
60271   
65990   
25060   
90074   
96713   
82197   
31518   
52934   
66271   
92021   
3168    
16445   
38728   
92021   
15726   
21992   
96382   
50787   
80930   
3886    
75454   
13029   
86900   
54504   
9985    
10541   
42169   
53114   
44334   
90074   
17888   
90074   
81305   
28032   
85758   
10972   
65391   
9490    
12568   
97158   
8934    
99353   
55735   
24954   
25060   
98687   
78407   
14966   
54121   
54688   
766     
69377   
9354    
72100   
57533   
51429   
74778   
3886    
75876   
68854   
53291   
87836   
43448   
36083   
27840   
54586   
95311   
52869   
3374    
72876   
73083   
9985    
78214   
39891   
86080   
74511   
94195   
2504    
58      
76315   
78465   
766     
20550   
95712   
45587   
95604   
26114   
88904   
32072   
8610    
4725    
37652   
59817   
52344   
40548   
46276   
86316   
41598   
13863   
90994   
78407   
47163   
8934    
4725    
57960   
59107   
11030   
1655    
32865   
77841   
23164   
92769   
55061   
42719   
98687   
25060   
29686   
43537   
33260   
61009   
55615   
11654   
84593   
63598   
92964   
15614   
58842   
45587   
43109   
98446   
35009   
57448   
90074   
6160    
80123   
32049   
94462   
90074   
59107   
85758   
12969   
1107    
75876   
94960   
45587   
27849   
69344   
39115   
5340    
77905   
1566    
47603   
43880   
56479   
90074   
18336   
15885   
80930   
88455   
79924   
88434   
39319   
90074   
90994   
62685   
94941   
42290   
3168    
14933   
77134   
51313   
56014   
2070    
32325   
76983   
33165   
2622    
98922   
71586   
20632   
766     
43569   
22543   
49874   
10234   
160     
13464   
23210   
94808   
59817   
90074   
84593   
26204   
52807   
41020   
93171   
20422   
3168    
22956   
70395   
96859   
58804   
3168    
21764   
90074   
48197   
11945   
77905   
94462   
13863   
82877   
65564   
38741   
63400   
91096   
2597    
94960   
31789   
38741   
57780   
51883   
45203   
95360   
654     
71007   
52419   
26576   
61827   
75876   
1512    
81276   
2260    
90994   
13863   
18497   
45203   
95683   
98931   
46843   
81947   
13125   
68693   
85758   
26004   
27466   
90074   
81737   
91667   
36465   
8522    
57155   
20422   
82877   
82877   
66038   
90074   
78465   
3886    
57448   
90074   
63303   
43880   
96726   
78514   
49237   
90074   
76931   
88518   
3645    
12629   
10234   
81305   
67298   
6504    
89574   
86097   
85758   
80361   
71586   
57222   
91794   
32072   
11600   
82877   
71008   
25876   
34237   
58478   
74811   
27398   
96088   
90994   
11654   
70718   
1292    
51883   
20422   
33165   
30184   
9793    
15238   
37652   
96830   
95646   
43279   
90994   
53291   
21213   
19651   
94041   
90074   
58006   
1107    
85887   
93655   
42609   
78465   
90074   
11430   
1825    
75595   
74433   
91961   
94192   
24671   
8592    
62150   
47968   
34421   
1833    
41659   
46454   
75945   
66743   
82877   
90074   
28562   
29581   
70876   
43109   
29858   
47442   
9354    
59817   
85268   
72677   
75876   
91494   
53187   
13125   
62719   
75876   
10234   
57448   
90074   
72718   
37356   
94960   
20039   
82877   
90074   
14944   
70228   
29559   
94462   
40548   
89574   
7404    
17365   
63840   
70876   
33021   
20039   
72577   
64015   
90074   
68786   
57155   
40548   
21766   
82877   
14944   
33021   
94462   
3324    
68680   
63772   
82641   
51429   
91961   
33260   
66743   
62719   
50069   
78069   
62018   
5306    
75876   
2628    
766     
78407   
60374   
54121   
94960   
160     
29205   
56042   
91494   
18630   
29990   
64558   
94960   
92021   
90074   
80987   
46908   
91147   
17642   
62345   
50069   
90074   
94462   
56479   
88904   
73921   
59817   
59107   
71092   
99769   
70228   
42082   
55867   
85929   
4725    
60164   
59107   
46454   
78412   
80930   
43109   
6688    
33260   
25158   
23843   
71258   
43613   
60919   
94624   
17794   
50069   
34840   
66983   
43109   
84790   
39319   
90074   
64030   
40245   
7906    
97186   
58001   
86080   
4820    
90994   
9009    
99353   
52426   
94960   
13029   
81392   
76551   
17854   
75876   
81302   
76551   
59107   
25957   
99025   
66921   
13125   
31768   
4194    
70152   
45784   
27515   
15049   
81947   
22564   
4533    
80675   
1056    
43801   
12969   
90074   
94462   
43153   
55735   
90074   
25782   
88995   
66674   
2260    
26518   
51035   
16158   
33821   
56014   
30184   
84640   
55735   
63400   
68031   
44410   
72833   
21764   
65391   
75876   
18630   
60164   
81947   
96274   
2070    
72577   
72833   
89310   
94195   
19778   
86080   
59817   
35973   
94941   
16867   
59107   
61009   
49436   
30184   
3168    
19857   
29858   
72833   
19778   
62018   
74778   
96830   
56932   
90994   
8763    
78465   
90074   
90074   
68031   
39319   
60650   
17888   
9985    
90074   
49856   
52934   
90074   
86675   
54401   
53581   
54401   
69158   
329     
94941   
21684   
72197   
70228   
12419   
9864    
48572   
90074   
32064   
81947   
94192   
34349   
85084   
8583    
90074   
69344   
21257   
8708    
45788   
28586   
46930   
82641   
71007   
29533   
85084   
96546   
81947   
84790   
34797   
74539   
26576   
43393   
97925   
75876   
67396   
82194   
79877   
15195   
82877   
24194   
94462   
38899   
61116   
70228   
50288   
67595   
45861   
39836   
12419   
86655   
29986   
76127   
56591   
48970   
4533    
42588   
75384   
10157   
76551   
76358   
67304   
79437   
7865    
59107   
54184   
53581   
92021   
67595   
94941   
74539   
75876   
49342   
44894   
62237   
76554   
41880   
94462   
56014   
88824   
63379   
2149    
28032   
37113   
64151   
75876   
78648   
40242   
45037   
17183   
29297   
4715    
90074   
26439   
65990   
94462   
42823   
94960   
37857   
94462   
58001   
1167    
12419   
76758   
20422   
24270   
87989   
36235   
56932   
42390   
6926    
75876   
46035   
20422   
63797   
57155   
57155   
72844   
92021   
36933   
26859   
13190   
64558   
89700   
9985    
90074   
39474   
73548   
34466   
10059   
49237   
59817   
9296    
4725    
19508   
84679   
18190   
68264   
38593   
87378   
20550   
846     
58001   
90074   
25513   
8732    
90074   
7169    
8723    
42244   
20422   
29686   
94502   
59137   
98723   
52781   
90074   
59107   
26114   
19921   
6160    
82374   
37857   
39470   
59817   
15256   
8723    
34273   
31527   
7081    
28112   
84161   
54184   
55188   
30942   
70114   
91494   
36025   
32072   
68975   
75731   
34421   
66771   
77318   
80930   
2628    
35237   
80987   
39328   
57792   
35258   
68031   
44522   
75240   
47774   
9795    
37652   
24636   
54121   
41202   
15650   
54564   
35258   
94462   
9437    
68497   
40548   
59817   
48775   
52671   
3374    
70152   
49274   
57448   
43109   
44994   
44940   
90994   
66096   
75321   
85268   
58016   
73516   
95646   
80930   
94462   
20422   
59044   
85268   
45587   
13125   
79518   
76931   
83295   
26576   
40947   
98041   
27806   
90074   
65926   
37652   
90074   
21684   
9070    
31789   
34797   
37857   
23993   
23843   
82824   
85758   
75876   
94960   
41306   
2597    
64461   
48405   
18453   
26636   