89687   36960   98521   53585   76793   
81209   81308   11753   89465   71343   
3914    7141    46434   99663   33793   
60317   92852   51854   7274    48919   
21021   75453   96734   91797   91355   
22425   26916   42313   99205   43402   
70      18677   8589    39494   20174   
34396   8467    9579    52115   48164   
57370   81432   30118   41671   9690    
9058    95955   25483   97698   97950   
58907   37181   84695   30670   23980   
33887   3419    76643   20820   15268   
41830   29455   40766   96585   70272   
41825   22581   72825   87604   28783   
76195   43861   29397   5520    76687   
41830   29455   40766   96585   70272   
30425   47310   7270    97236   93208   
67375   74357   6623    94980   1369    
34976   50437   56612   30480   36452   
36097   33896   74297   22189   71456   
78652   77266   83427   35643   50630   
2301    73410   20424   38689   7406    
56871   61286   2420    86387   30415   
40426   59957   22949   59411   48154   
49176   71077   2056    10965   90890   
12218   66070   57842   70160   50761   
30262   92599   30220   30655   89087   
96047   72057   59330   89475   44540   
75486   23370   86114   82304   91700   
24519   20426   76258   48219   85398   
9137    49035   39542   28651   84999   
51780   45197   25242   98023   7944    
93535   98181   45694   71087   44304   
29135   56659   31603   94490   38635   
29067   84917   73240   45707   80194   
42306   98990   35075   84391   46704   
88874   85119   57339   42566   71018   
37212   5279    20966   58907   92774   
32266   87316   96371   62311   67952   
90411   65432   72369   6164    69107   
23180   15247   93601   69561   55515   
30979   47276   41287   75634   45569   
57960   82045   38038   82827   96809   
88112   25965   79805   29087   86557   
49295   92280   45306   2306    5029    
38680   83142   8227    14827   51941   
5444    46325   18098   73548   47962   
74856   18813   79107   28281   57247   
966     67364   35303   6250    9589    
317     15107   74729   15964   18710   
37289   8053    80630   25273   5450    
53882   45189   37918   32152   71778   
48694   99667   83121   29259   50772   
29135   56659   31603   94490   38635   
58907   37181   84695   30670   23980   
46030   91547   66060   33206   55680   
38680   83142   8227    14827   51941   
14520   97545   57443   9910    33254   
47394   64779   10749   66194   7916    
75829   73355   83836   77572   47254   
93235   49973   95772   43716   42636   
27278   92001   65958   94155   5022    
72001   47071   47554   35802   29860   
20131   23345   3900    13811   5242    
92580   69890   78675   81378   66716   
49157   17782   25247   64858   43282   
80546   83953   13436   35704   31030   
71797   23699   86981   49783   16956   
73160   3375    21423   99372   22367   
72913   47228   65057   77199   48346   
81168   97534   65783   17825   67419   
48694   99667   83121   29259   50772   
34095   34788   79442   60569   48812   
63895   89754   10348   60119   87418   
11962   56701   87786   58408   39662   
20131   23345   3900    13811   5242    
96221   20363   65724   76809   66603   
79368   22493   13989   39297   86108   
74280   67204   20341   35986   17596   
34783   82367   11197   20632   8950    
31853   82125   33689   52963   16461   
64989   43726   71777   61484   958     
48694   99667   83121   29259   50772   
6170    99360   11294   57869   58495   
82969   47636   81305   39466   9902    
21017   90249   26277   80088   88529   
11941   479     14999   79507   79381   
23257   4958    27354   5334    80220   
79984   61749   15255   46602   6678    
90762   65917   95790   34315   15476   
11973   79659   69337   91605   94668   
74576   1667    56379   18523   54932   
48694   99667   83121   29259   50772   
79347   85455   61182   51942   77063   
47199   6026    82579   96770   3497    
51401   71281   4839    80058   14467   
31704   7838    66187   71164   6582    
75486   23370   86114   82304   91700   
8731    91711   2142    11962   27212   
79339   24455   83242   61286   18590   
6700    42152   42303   80588   34730   
85588   27866   56217   4555    14066   
1701    90460   42436   78659   28444   
61356   59734   82250   81014   31830   
38680   83142   8227    14827   51941   
48694   99667   83121   29259   50772   
43193   39610   43248   59393   17340   
99067   26325   39164   67829   11555   
86571   418     44585   43120   2325    
62233   12660   56214   48426   37632   
78734   72014   20000   99721   58162   
76302   69713   93365   34126   66252   
80915   780     10258   92107   99376   
78287   33561   54152   8688    63096   
50746   28324   82417   62794   26491   
55359   83451   63617   39874   76621   
80546   83953   13436   35704   31030   
86707   5112    98007   23427   95144   
23257   4958    27354   5334    80220   
5211    69797   70660   23884   7057    
72001   47071   47554   35802   29860   
20070   82796   97766   56134   62477   
73017   75659   43175   75319   79498   
966     67364   35303   6250    9589    
72686   59713   65347   78979   21768   
38545   82449   95277   80240   74515   
42637   78188   42889   66704   31628   
87964   60156   80853   28062   2496    
81168   97534   65783   17825   67419   
66546   40821   68057   18043   10052   
76302   69713   93365   34126   66252   
22472   44708   50716   93595   89234   
67524   26779   14458   58821   99069   
54193   49769   6858    88719   28679   
10142   71304   67946   29442   85834   
14334   23465   22179   46627   88562   
51987   23004   85370   2921    48146   
37365   85149   43734   69885   27419   
29006   31853   18037   6187    70062   
86634   40406   25977   96842   24517   
33887   3419    76643   20820   15268   
25164   39413   90595   79009   31349   
50670   96301   29799   54128   18614   
25164   39413   90595   79009   31349   
90077   5460    4249    47412   88594   
50746   28324   82417   62794   26491   
48694   99667   83121   29259   50772   
4061    12116   68618   64522   45177   
32951   98258   87551   39755   63127   
98838   17199   93920   18055   31763   
40007   59014   67990   24473   96701   
37228   97278   19705   99609   59565   
86634   40406   25977   96842   24517   
82095   77313   95674   24278   81047   
46921   9237    86708   51000   54418   
56802   25114   18594   90850   61898   
76637   7455    32664   58977   35604   
40426   59957   22949   59411   48154   
3334    60791   45303   9193    86884   
88216   41974   72993   26432   33246   
48694   99667   83121   29259   50772   
49647   98152   5683    69690   68619   
93902   28137   218     32709   81792   
79984   61749   15255   46602   6678    
63664   39313   88609   28575   97597   
94752   49885   33053   37384   5730    
54884   58807   77208   34163   13191   
69415   19342   71618   58044   47837   
51401   71281   4839    80058   14467   
14334   23465   22179   46627   88562   
55359   83451   63617   39874   76621   
48694   99667   83121   29259   50772   
14686   23750   28754   51467   45921   
58165   60294   567     29675   40679   
90619   49514   27422   30877   66246   
64659   5123    53165   40390   97555   
43831   3884    45711   40122   49060   
37255   1963    52149   46479   35532   
22317   31361   81630   40066   15070   
43692   12980   88680   70335   15212   
95219   71968   57906   14897   14124   
90762   65917   95790   34315   15476   
80519   81964   10028   20890   19821   
18730   83510   13398   24563   51400   
14116   11304   38211   44274   56097   
1544    27366   52429   40714   31117   
20485   50320   26915   9525    68998   
48694   99667   83121   29259   50772   
40970   81793   8969    34041   7726    
36633   74123   55966   54853   74139   
83869   20273   70631   4569    68022   
94766   27855   95168   61531   64615   
85588   27866   56217   4555    14066   
82331   18325   11788   49024   15367   
81425   97990   16224   21534   91565   
44477   87539   27138   46474   82831   
61115   58560   67501   69182   63714   
43911   99478   30546   19599   81642   
50670   96301   29799   54128   18614   
67375   74357   6623    94980   1369    
60136   22220   37591   18838   73615   
75752   72144   27589   96597   18475   
61322   22935   23359   49893   27205   
28895   90620   87378   56262   76170   
48694   99667   83121   29259   50772   
36633   74123   55966   54853   74139   
99495   96385   8844    98572   41360   
96095   12686   57473   24409   65095   
17740   77183   42655   28788   25728   
52132   24072   94920   65633   28293   
30610   73493   59947   24612   32978   
71132   46814   18448   3497    32636   
50670   96301   29799   54128   18614   
76302   69713   93365   34126   66252   
54884   58807   77208   34163   13191   
11973   79659   69337   91605   94668   
82121   35159   84938   87250   17766   
67307   40035   13423   1110    40991   
50670   96301   29799   54128   18614   
48605   83824   85802   70134   85562   
45604   32927   25499   87564   52427   
49752   22822   58796   51838   73918   
38545   82449   95277   80240   74515   
65264   50855   22295   57364   86843   
69549   78836   85464   97743   81360   
48694   99667   83121   29259   50772   
66436   13447   2698    8479    51124   
38122   51166   66081   4455    55532   
51327   67143   92559   87805   98142   
84951   87155   22545   43929   52689   
17638   8561    255     10676   7796    
32049   62777   75999   18065   26300   
56802   25114   18594   90850   61898   
61199   91719   5866    37347   66602   
62654   87066   53386   12962   42639   
22148   22772   99289   88721   30368   
66444   5532    56004   68979   2792    
48694   99667   83121   29259   50772   
58850   24014   54378   58166   47466   
89904   93528   16981   54677   79141   
966     67364   35303   6250    9589    
96095   12686   57473   24409   65095   
15057   47858   13682   26371   14678   
10456   17784   87403   20427   62185   
88237   95334   42621   11819   97543   
70426   16794   56860   74395   7313    
98995   71610   43658   13801   84632   
40342   37975   14451   21336   78472   
78335   26700   12909   54119   65269   
72964   40800   45901   54210   67303   
83257   13904   56962   34910   13951   
1948    50053   96455   3079    87977   
46276   7902    41579   15355   54172   
35753   83203   61097   93242   70006   
13024   80969   58527   9421    29734   
59874   70262   12910   56000   43247   
13024   80969   58527   9421    29734   
48694   99667   83121   29259   50772   
6170    99360   11294   57869   58495   
51491   69734   65408   97551   20990   
48694   99667   83121   29259   50772   
5982    51689   61458   36430   68565   
61051   73183   87117   34366   99010   
62323   5577    16607   35595   67798   
14150   84248   21973   4461    90464   
80065   23900   65317   44267   9131    
48912   76641   49460   72873   31409   
76302   69713   93365   34126   66252   
11314   93843   61916   51784   6511    
317     15107   74729   15964   18710   
71240   66628   25081   57356   63558   
67272   87796   63013   48503   60250   
48694   99667   83121   29259   50772   
20005   78253   69014   48556   57351   
24411   96521   60778   32822   16783   
765     92855   45413   98954   36746   
74576   1667    56379   18523   54932   
96095   12686   57473   24409   65095   
94752   49885   33053   37384   5730    
27886   86012   79290   89098   58922   
89423   17670   41798   53307   33496   
45604   32927   25499   87564   52427   
34095   34788   79442   60569   48812   
95460   51677   3387    63869   10271   
81117   51226   99730   29360   83014   
329     83607   50454   67827   36093   
58429   39497   35052   8290    55180   
37377   21784   80492   2774    74162   
20028   98907   16925   58529   36474   
50341   76813   74092   39907   88561   
14844   4731    69025   52432   60826   
22677   85355   4986    35475   27662   
48694   99667   83121   29259   50772   
73198   77120   66855   14615   8196    
35535   70648   61508   344     2318    
69549   78836   85464   97743   81360   
55359   83451   63617   39874   76621   
4555    17883   44818   35628   85725   
52345   14935   68031   21089   22820   
98838   17199   93920   18055   31763   
85028   5332    51402   91448   95946   
12218   66070   57842   70160   50761   
25164   39413   90595   79009   31349   
50704   46995   90242   3984    94384   
68087   35062   50517   90083   54702   
28019   9147    68199   72218   14089   
57719   15125   34814   28504   79652   
6168    81402   50228   36011   46056   
61051   73183   87117   34366   99010   
28613   52251   3413    6017    2587    
48694   99667   83121   29259   50772   
81830   37244   46491   25928   25492   
55111   54366   86439   65567   22234   
84336   10252   13446   16402   29139   
60483   77859   90043   91299   38822   
98838   17199   93920   18055   31763   
87756   38921   99145   66760   77535   
72001   47071   47554   35802   29860   
68786   78959   26740   3559    56885   
65258   7076    61743   85856   80750   
75915   6724    16712   12164   41392   
83706   90534   47291   79367   98378   
68152   20253   11489   19569   19451   
30388   97659   30427   21784   17762   
75752   72144   27589   96597   18475   
93786   15657   12825   57588   96643   
10870   12374   64948   2658    70532   
77674   43498   23659   23532   29506   
4728    6430    17227   46670   48301   
86924   85120   9690    41822   13389   
4061    12116   68618   64522   45177   
54884   58807   77208   34163   13191   
73881   13330   6812    77911   88995   
77674   43498   23659   23532   29506   
28153   22638   67969   11861   79875   
76302   69713   93365   34126   66252   
29083   91821   32777   12185   98700   
4757    31581   17252   44042   16325   
5703    61086   10670   90400   27866   
95088   44683   31740   60771   54371   
29163   92228   76321   59129   84009   
24519   20426   76258   48219   85398   
59814   40014   22615   38332   92539   
23257   4958    27354   5334    80220   
22400   21776   99970   17176   84652   
67560   44693   90510   4795    12      
62115   95886   82812   67591   5076    
79908   49526   42389   55262   21593   
13953   83710   57904   93365   81948   
31239   88253   94066   52411   64027   
26119   85521   59241   73224   30274   
92669   62251   59488   88161   22381   
6968    118     34519   55960   66423   
87839   12619   84355   6790    22763   
20595   89099   98358   96959   59293   
15916   20997   94111   28600   62531   
89180   27574   31742   36070   40227   
47199   6026    82579   96770   3497    
63325   85051   65344   25004   39774   
48694   99667   83121   29259   50772   
92669   62251   59488   88161   22381   
40092   6893    39865   3713    52634   
48694   99667   83121   29259   50772   
41830   29455   40766   96585   70272   
92022   63393   95821   99357   44257   
43692   12980   88680   70335   15212   
79951   10677   42919   5868    48015   
29982   77839   13241   24770   38629   
54635   12195   64201   87776   14464   
31853   82125   33689   52963   16461   
37228   97278   19705   99609   59565   
11009   77079   70114   17280   97627   
60136   22220   37591   18838   73615   
47450   11843   93312   76086   35090   
38094   31206   8407    65718   671     
59469   24351   2968    19923   46738   
73973   15903   1493    81296   2530    
86707   5112    98007   23427   95144   
60738   99920   10558   4719    58729   
36287   91703   16373   58578   37006   
57146   19535   43418   41040   27666   
34095   34788   79442   60569   48812   
43831   3884    45711   40122   49060   
30632   89100   17312   42786   86470   
11973   79659   69337   91605   94668   
79368   22493   13989   39297   86108   
48694   99667   83121   29259   50772   
61555   68487   99940   96178   10969   
76095   47125   23600   93141   75365   
46921   9237    86708   51000   54418   
89646   15010   51275   15069   70740   
33609   18756   68071   88065   10517   
29982   77839   13241   24770   38629   
27278   92001   65958   94155   5022    
34095   34788   79442   60569   48812   
32171   4055    79574   77082   96862   
89302   38598   68207   49281   42820   
30608   46203   66897   95499   44674   
30425   47310   7270    97236   93208   
24519   20426   76258   48219   85398   
34976   50437   56612   30480   36452   
75752   72144   27589   96597   18475   
54334   44004   35057   38029   60230   
43831   3884    45711   40122   49060   
89904   93528   16981   54677   79141   
33447   49100   46589   35664   4868    
28613   52251   3413    6017    2587    
17464   38424   68011   11413   99496   
966     67364   35303   6250    9589    
48694   99667   83121   29259   50772   
49752   22822   58796   51838   73918   
33887   3419    76643   20820   15268   
48694   99667   83121   29259   50772   
42180   80684   24490   21037   56403   
50670   96301   29799   54128   18614   
91224   68206   14481   76850   26360   
34095   34788   79442   60569   48812   
37515   29903   46945   53945   48036   
89904   93528   16981   54677   79141   
85417   20288   66729   77255   35981   
12549   56526   42644   37645   43503   
37377   21784   80492   2774    74162   
11871   87808   2413    55549   3971    
81025   35207   19908   92102   26372   
47209   47180   41862   74882   69760   
89687   36960   98521   53585   76793   
88468   40128   69134   22969   28577   
62618   41843   34444   38213   27468   
54181   70269   55520   30852   89256   
28735   74384   77194   23934   59873   
39587   37494   96559   63409   83495   
82340   30008   57036   12418   69708   
48694   99667   83121   29259   50772   
30462   32935   45628   47971   673     
96948   90602   41193   1102    87816   
59908   99205   25993   72472   62046   
30267   97609   90094   34565   65532   
68786   78959   26740   3559    56885   
22877   91952   69696   21016   24270   
11871   87808   2413    55549   3971    
90308   43081   56834   46628   25747   
69501   68296   96769   10469   2083    
62618   41843   34444   38213   27468   
966     67364   35303   6250    9589    
50078   58304   95101   30393   32588   
14150   84248   21973   4461    90464   
35944   38195   278     40574   48939   
78978   67193   791     23554   35494   
91134   10567   8838    41864   7721    
53075   96631   64968   79455   18101   
81025   35207   19908   92102   26372   
48694   99667   83121   29259   50772   
64296   59130   70054   1167    51706   
77674   43498   23659   23532   29506   
25164   39413   90595   79009   31349   
6449    80018   95248   70088   2511    
83926   93929   27333   69619   45934   
82121   35159   84938   87250   17766   
22149   49489   7007    21858   91788   
14677   72262   95293   45623   19418   
98780   93756   5865    20173   15744   
44585   14812   1290    5714    69669   
18677   55983   6332    20236   63422   
13994   22710   11425   12823   22502   
85110   27753   88253   64828   23244   
68152   20253   11489   19569   19451   
54181   70269   55520   30852   89256   
21923   16376   7146    13782   2513    
61321   68293   22742   44251   45423   
50746   28324   82417   62794   26491   
92669   62251   59488   88161   22381   
29330   74596   62775   82401   39629   
83873   89854   21050   42500   7186    
12879   37134   38807   16186   5480    
24992   84205   32514   1926    74593   
37400   63248   39012   44720   70367   
76637   7455    32664   58977   35604   
25890   48590   57022   57978   49905   
67414   21046   74662   62672   96422   
24411   96521   60778   32822   16783   
22677   85355   4986    35475   27662   
63895   89754   10348   60119   87418   
48694   99667   83121   29259   50772   
50786   57812   47998   30428   82656   
96095   12686   57473   24409   65095   
39897   24551   25293   71179   17993   
79431   35894   33872   34238   23077   
14150   84248   21973   4461    90464   
98328   9555    43747   54444   16570   
99631   27827   42462   31257   40005   
97451   46697   40790   30861   47966   
18709   79824   71418   8339    69805   
42365   12081   93557   93186   74990   
86371   71695   61029   21119   79611   
83885   42036   89086   87585   45366   
48694   99667   83121   29259   50772   
76179   4889    44479   48413   40165   
966     67364   35303   6250    9589    
48694   99667   83121   29259   50772   
50704   46995   90242   3984    94384   
1828    35461   78353   69638   35125   
48694   99667   83121   29259   50772   
20595   89099   98358   96959   59293   
84034   20955   23299   32714   55872   
48694   99667   83121   29259   50772   
52718   81761   55704   50961   80733   
5211    69797   70660   23884   7057    
72246   48471   54530   30245   2904    
70823   78811   49494   43715   2046    
77959   6860    40416   98121   82835   
1542    89880   81232   3000    88737   
6700    42152   42303   80588   34730   
72001   47071   47554   35802   29860   
96095   12686   57473   24409   65095   
35696   17995   68832   13906   18490   
37400   63248   39012   44720   70367   
20131   23345   3900    13811   5242    
49752   22822   58796   51838   73918   
40360   17655   48115   18669   92664   
48694   99667   83121   29259   50772   
39844   12242   82529   31970   48807   
40970   81793   8969    34041   7726    
82331   18325   11788   49024   15367   
92669   62251   59488   88161   22381   
48694   99667   83121   29259   50772   
47468   12065   30412   65831   4302    
24519   20426   76258   48219   85398   
26419   39179   55028   22542   60848   
16286   81166   79226   32784   86153   
33887   3419    76643   20820   15268   
89683   67248   87803   28455   15950   
67209   22368   8603    38736   42950   
63835   81819   26555   44659   15363   
20131   23345   3900    13811   5242    
58639   71524   78400   74493   74273   
1948    50053   96455   3079    87977   
59814   40014   22615   38332   92539   
6170    99360   11294   57869   58495   
95224   57351   87241   20002   8982    
14868   66244   32943   72925   17708   
24411   96521   60778   32822   16783   
33516   19809   24467   60443   8222    
78978   67193   791     23554   35494   
43562   95236   56800   18123   3059    
85267   26038   85439   31810   38424   
90308   43081   56834   46628   25747   
98698   62467   71225   63329   90358   
35696   17995   68832   13906   18490   
64390   747     95841   76658   36388   
57325   30102   84571   2677    49227   
5211    69797   70660   23884   7057    
41259   68072   68543   32031   47675   
56923   68429   76854   68292   86149   
43831   3884    45711   40122   49060   
52537   71896   72494   4325    15801   
22975   13780   1908    8196    55901   
30610   73493   59947   24612   32978   
78101   90970   60874   36211   22814   
20709   38269   57753   66351   71260   
90762   65917   95790   34315   15476   
18709   79824   71418   8339    69805   
5009    58712   46472   81436   77033   
93415   19799   93568   70073   44338   
48300   84206   67096   20648   36943   
85427   63241   56532   86190   94058   
46662   17724   82919   34627   26860   
34095   34788   79442   60569   48812   
76195   43861   29397   5520    76687   
58639   71524   78400   74493   74273   
69510   55375   21203   9230    45581   
4980    61369   53971   7007    49678   
83598   48565   35929   58168   71394   
68777   11124   46615   20406   27798   
89904   93528   16981   54677   79141   
65775   20403   10120   24629   51568   
16804   50722   87867   29472   64056   
20595   89099   98358   96959   59293   
61115   58560   67501   69182   63714   
42306   98990   35075   84391   46704   
84462   97007   80496   65824   69781   
57719   15125   34814   28504   79652   
24325   93600   87035   98154   20598   
24519   20426   76258   48219   85398   
66527   61439   11995   80139   83094   
98435   73811   97707   82316   6543    
43513   3639    35606   48515   14348   
79368   22493   13989   39297   86108   
33887   3419    76643   20820   15268   
43831   3884    45711   40122   49060   
63664   39313   88609   28575   97597   
38545   82449   95277   80240   74515   
40037   63564   84796   28252   52071   
81168   97534   65783   17825   67419   
81040   3034    11527   86306   32622   
69549   78836   85464   97743   81360   
27800   39607   88958   34808   35696   
66771   9352    27129   63414   18320   
59558   59905   72912   75873   41113   
36709   35801   85209   64719   36192   
82121   35159   84938   87250   17766   
48694   99667   83121   29259   50772   
29067   84917   73240   45707   80194   
69549   78836   85464   97743   81360   
66090   33746   61672   38919   48138   
48694   99667   83121   29259   50772   
22965   72504   40511   54401   97387   
17715   13365   12272   64678   51790   
75608   27002   31357   21880   10273   
45852   33847   51500   4566    26503   
34095   34788   79442   60569   48812   
74856   18813   79107   28281   57247   
29067   84917   73240   45707   80194   
91011   41413   18019   88904   57543   
13247   88474   63384   49998   37528   
49295   92280   45306   2306    5029    
43901   98053   56836   57239   10215   
51402   46468   79271   54611   39943   
55359   83451   63617   39874   76621   
64989   43726   71777   61484   958     
59814   40014   22615   38332   92539   
20131   23345   3900    13811   5242    
24411   96521   60778   32822   16783   
74254   77028   11787   70175   813     
77564   19713   21368   98016   71199   
68276   95835   11202   79691   95190   
68779   71223   74053   33166   43889   
85417   20288   66729   77255   35981   
79621   40966   82190   40484   47593   
57615   98927   49267   86838   37635   
3757    68684   80562   61919   34084   
93395   55785   26539   68086   84761   
80046   3064    97738   20945   41593   
51182   74914   99635   96007   8485    
68779   71223   74053   33166   43889   
81663   57770   11803   11821   65156   
57977   42964   23039   64649   17641   
76195   43861   29397   5520    76687   
79254   13623   62667   8714    36498   
87767   24965   49483   24534   34686   
95436   59063   28932   73843   51555   
98328   9555    43747   54444   16570   
88216   41974   72993   26432   33246   
38436   67430   76913   59576   50546   
49160   52582   74722   29535   62903   
48699   77473   47252   20964   60397   
50786   57812   47998   30428   82656   
90141   42095   61792   20415   44427   
74576   1667    56379   18523   54932   
84336   10252   13446   16402   29139   
35629   59723   3147    76825   58107   
67307   40035   13423   1110    40991   
26499   24374   71898   12977   9639    
81168   97534   65783   17825   67419   
67612   59422   9341    40557   62795   
26089   17863   73398   10134   69390   
17638   8561    255     10676   7796    
48694   99667   83121   29259   50772   
32680   17218   28288   99197   77804   
6885    87054   79325   59917   94098   
17742   96843   59078   16905   92249   
50670   96301   29799   54128   18614   
90796   3150    75640   8441    68883   
3397    18625   60771   74808   52213   
2976    1742    68909   28313   11768   
75653   54344   73677   32194   82387   
65775   20403   10120   24629   51568   
22148   22772   99289   88721   30368   
24411   96521   60778   32822   16783   
35592   75992   576     6842    80116   
97360   91179   78216   35021   17405   
87839   12619   84355   6790    22763   
48694   99667   83121   29259   50772   
75270   56      84870   24410   58638   
48694   99667   83121   29259   50772   
49157   17782   25247   64858   43282   
18677   55983   6332    20236   63422   
38662   7914    62386   90555   20373   
95224   57351   87241   20002   8982    
24411   96521   60778   32822   16783   
20709   38269   57753   66351   71260   
46079   70170   60998   65268   36117   
87767   24965   49483   24534   34686   
94722   79342   95188   25986   29149   
86571   418     44585   43120   2325    
79368   22493   13989   39297   86108   
48694   99667   83121   29259   50772   
47468   12065   30412   65831   4302    
47939   81541   76846   31745   78385   
43831   3884    45711   40122   49060   
38680   83142   8227    14827   51941   
88786   49894   11348   18599   22436   
85588   27866   56217   4555    14066   
98415   1170    90414   54247   70879   
9625    97030   5572    5340    37287   
24640   82873   90440   2251    6154    
55359   83451   63617   39874   76621   
32171   4055    79574   77082   96862   
96095   12686   57473   24409   65095   
25312   68361   5181    13812   98710   
2819    43097   59338   19713   90481   
29090   63316   91287   40893   19780   
8189    20380   23264   78118   97548   
63347   98638   93107   48562   64381   
17638   8561    255     10676   7796    
57594   596     52328   78070   15372   
37289   8053    80630   25273   5450    
76195   43861   29397   5520    76687   
65775   20403   10120   24629   51568   
97731   93665   3728    76117   7440    
83871   6934    69169   14232   83265   
24325   93600   87035   98154   20598   
62545   66515   56063   57526   68788   
33609   18756   68071   88065   10517   
51696   64478   47353   45115   41930   
56306   85701   6424    6311    49580   
54181   70269   55520   30852   89256   
68081   89772   12860   41868   47106   
48694   99667   83121   29259   50772   
4242    59801   98078   71012   987     
73868   60803   96200   9321    76508   
47717   94419   56598   21780   85074   
81246   60622   82771   21209   17238   
54181   70269   55520   30852   89256   
89646   15010   51275   15069   70740   
93395   55785   26539   68086   84761   
48694   99667   83121   29259   50772   
33887   3419    76643   20820   15268   
34783   82367   11197   20632   8950    
96047   72057   59330   89475   44540   
96095   12686   57473   24409   65095   
57960   82045   38038   82827   96809   
47209   47180   41862   74882   69760   
36842   74722   63986   9599    53133   
79347   85455   61182   51942   77063   
86510   2515    69032   64558   41408   
2301    73410   20424   38689   7406    
38094   31206   8407    65718   671     
57729   82411   71123   74574   90148   
85417   20288   66729   77255   35981   
21631   85363   6215    22609   21119   
23621   4111    44840   40303   54012   
47209   47180   41862   74882   69760   
42098   62140   79349   58185   13495   
48117   77037   63456   77406   14277   
33887   3419    76643   20820   15268   
71625   88911   2994    91420   87504   
41830   29455   40766   96585   70272   
68152   20253   11489   19569   19451   
80858   770     99090   52921   22316   
4061    12116   68618   64522   45177   
34095   34788   79442   60569   48812   
88216   41974   72993   26432   33246   
966     67364   35303   6250    9589    
28613   52251   3413    6017    2587    
39550   33909   57636   86243   71389   
9795    76889   68273   75506   88175   
1787    46667   74380   63932   45057   
72001   47071   47554   35802   29860   
57242   48103   35544   28954   12122   
38122   51166   66081   4455    55532   
32049   62777   75999   18065   26300   
51983   53949   17999   98141   49058   
55359   83451   63617   39874   76621   
61005   60143   18250   19895   84946   
57370   81432   30118   41671   9690    
58739   75880   29888   81173   34452   
59874   70262   12910   56000   43247   
61610   97602   73392   41367   95915   
43790   39343   2013    48447   18647   
94752   49885   33053   37384   5730    
31386   52910   49387   64447   791     
88764   58522   80670   79636   61460   
73619   73220   31877   64254   14972   
11365   30654   2052    35491   53041   
62677   57581   96417   98828   71102   
39099   46369   57894   90168   92360   
48694   99667   83121   29259   50772   
48694   99667   83121   29259   50772   
48694   99667   83121   29259   50772   
30425   47310   7270    97236   93208   
48694   99667   83121   29259   50772   
84675   13452   85674   94763   85644   
8910    79224   42776   47708   2735    
35629   59723   3147    76825   58107   
48371   24972   68550   87767   64516   
98780   93756   5865    20173   15744   
765     92855   45413   98954   36746   
10589   74326   66736   83024   3128    
20131   23345   3900    13811   5242    
75383   86475   83300   49636   13198   
1418    98732   72034   92253   47903   
29529   35612   62895   25057   54592   
85313   78937   73112   18852   20716   
29529   35612   62895   25057   54592   
80546   83953   13436   35704   31030   
69617   38641   54482   14775   45920   
98005   16206   76120   35170   74684   
55418   71746   91981   53643   41201   
90308   43081   56834   46628   25747   
48694   99667   83121   29259   50772   
36633   74123   55966   54853   74139   
29330   74596   62775   82401   39629   
68779   71223   74053   33166   43889   
51327   67143   92559   87805   98142   
50746   28324   82417   62794   26491   
57146   19535   43418   41040   27666   
32267   11902   96160   55036   68041   
44257   2125    85968   44450   67716   
76302   69713   93365   34126   66252   
8887    9782    899     4654    35188   
87839   12619   84355   6790    22763   
33609   18756   68071   88065   10517   
3235    62458   40935   42773   56694   
11962   56701   87786   58408   39662   
48694   99667   83121   29259   50772   
7289    69187   21308   89258   20563   
21631   85363   6215    22609   21119   
96095   12686   57473   24409   65095   
78704   76611   91074   62823   1973    
77265   22818   90333   62856   66485   
89835   10333   70894   93031   74732   
39897   24551   25293   71179   17993   
70823   78811   49494   43715   2046    
53269   73586   49079   90147   96815   
97731   93665   3728    76117   7440    
76323   35156   38436   14750   99671   
33887   3419    76643   20820   15268   
74254   77028   11787   70175   813     
11997   80956   24995   99185   81860   
76302   69713   93365   34126   66252   
69770   24599   28688   47675   77975   
68240   46263   55091   63372   29141   
11973   79659   69337   91605   94668   
77713   33804   2627    13070   69562   
80546   83953   13436   35704   31030   
28023   53696   52404   51064   36954   
21682   5797    21247   57344   70351   
82577   17226   16034   74036   68230   
69626   78089   94678   12329   63373   
25813   12986   47503   31101   86021   
24411   96521   60778   32822   16783   
33887   3419    76643   20820   15268   
98962   23068   61017   7531    1727    
46861   59765   49228   93706   87064   
75829   73355   83836   77572   47254   
69549   78836   85464   97743   81360   
30425   47310   7270    97236   93208   
65258   7076    61743   85856   80750   
68779   71223   74053   33166   43889   
89904   93528   16981   54677   79141   
83336   46009   14022   66763   91250   
11040   92622   386     6212    3717    
6331    73455   32087   68538   35010   
92369   37749   62352   18078   24093   
69549   78836   85464   97743   81360   
88515   4036    69570   32409   25232   
966     67364   35303   6250    9589    
35385   74090   95458   33374   63754   
70901   17688   82865   25703   49790   
11482   98753   18515   64316   59792   
83715   63606   58163   31051   44059   
75829   73355   83836   77572   47254   
40557   5967    15653   62848   37429   
46921   9237    86708   51000   54418   
63669   65277   25269   63750   39340   
40342   37975   14451   21336   78472   
48694   99667   83121   29259   50772   
2560    97230   91460   15704   42798   
61321   68293   22742   44251   45423   
70753   45523   73088   12320   41635   
966     67364   35303   6250    9589    
87767   24965   49483   24534   34686   
966     67364   35303   6250    9589    
56871   61286   2420    86387   30415   
63837   21831   70579   9296    80796   
81771   11321   2808    51280   48134   
75039   41635   59545   78119   43349   
6331    73455   32087   68538   35010   
78101   90970   60874   36211   22814   
57995   96485   15418   4858    75724   
20595   89099   98358   96959   59293   
52718   81761   55704   50961   80733   
20616   29112   16344   65964   41544   
20616   29112   16344   65964   41544   
41815   80336   40192   14024   97118   
60915   79559   80790   90989   55330   
40360   17655   48115   18669   92664   
33887   3419    76643   20820   15268   
48694   99667   83121   29259   50772   
42637   78188   42889   66704   31628   
40037   63564   84796   28252   52071   
50670   96301   29799   54128   18614   
84034   20955   23299   32714   55872   
43831   3884    45711   40122   49060   
12271   68672   3114    26744   95682   
95775   58803   58397   25954   49528   
45604   32927   25499   87564   52427   
94809   93789   64124   96819   66311   
70      18677   8589    39494   20174   
48694   99667   83121   29259   50772   
27727   43919   92683   33988   87115   
46079   70170   60998   65268   36117   
96095   12686   57473   24409   65095   
85028   5332    51402   91448   95946   
9795    76889   68273   75506   88175   
64390   747     95841   76658   36388   
18430   80634   677     40988   1708    
16786   95042   77461   24881   38965   
26692   86781   49771   36255   14335   
2301    73410   20424   38689   7406    
80996   94831   40999   15645   9187    
61115   58560   67501   69182   63714   
89904   93528   16981   54677   79141   
81025   35207   19908   92102   26372   
67414   21046   74662   62672   96422   
61320   28942   41713   64629   95578   
33887   3419    76643   20820   15268   
11847   24920   13348   18863   52876   
46861   59765   49228   93706   87064   
12499   99960   70520   82850   36090   
20308   91714   4350    17923   92464   
37377   21784   80492   2774    74162   
77911   68430   72822   78068   13723   
40092   6893    39865   3713    52634   
2560    97230   91460   15704   42798   
10652   70644   69604   40073   10602   
70      18677   8589    39494   20174   
81117   51226   99730   29360   83014   
21882   29890   59803   43283   33753   
72653   91068   6957    71014   89176   
89906   46645   57854   33512   70371   
66436   13447   2698    8479    51124   
81168   97534   65783   17825   67419   
37242   8833    49      92941   98319   
64898   50093   60007   16963   56048   
20131   23345   3900    13811   5242    
49044   58022   9661    312     87812   
96095   12686   57473   24409   65095   
45798   38805   11683   65495   66031   
84336   10252   13446   16402   29139   
75383   86475   83300   49636   13198   
21024   30721   64226   30205   29129   
52778   53459   54148   12724   14633   
75099   5615    60068   5060    36273   
24519   20426   76258   48219   85398   
4104    27842   32003   22725   75214   
81168   97534   65783   17825   67419   
54150   9944    94666   19421   26996   
69529   17152   31684   52817   46016   
18629   76691   63303   82408   68785   
56871   61286   2420    86387   30415   
34056   20111   33644   87040   47569   
8887    9782    899     4654    35188   
48694   99667   83121   29259   50772   
3931    71013   39531   65751   99467   
81663   57770   11803   11821   65156   
35629   59723   3147    76825   58107   
71901   4485    25879   47817   40612   
54181   70269   55520   30852   89256   
6675    36438   44016   7496    94731   
44880   94076   49280   83549   46740   
88893   74080   78656   97674   99511   
70753   45523   73088   12320   41635   
95224   57351   87241   20002   8982    
6936    46213   54810   84103   13548   
21762   90935   75705   57177   62710   
70243   75705   78721   10181   60169   
50670   96301   29799   54128   18614   
49295   92280   45306   2306    5029    
80690   13445   74044   42172   52153   
41830   29455   40766   96585   70272   
24479   45823   22873   2911    28084   
68668   56556   83298   67552   76166   
51506   56882   54048   63400   20353   
387     29064   73982   50678   51215   
34095   34788   79442   60569   48812   
10706   62184   19037   72967   56372   
41830   29455   40766   96585   70272   
34095   34788   79442   60569   48812   
54517   83548   60672   42735   42929   
37545   47031   49151   62145   67230   
22295   49388   36398   58461   71403   
81830   37244   46491   25928   25492   
5211    69797   70660   23884   7057    
5703    61086   10670   90400   27866   
57719   15125   34814   28504   79652   
70753   45523   73088   12320   41635   
6170    99360   11294   57869   58495   
15057   47858   13682   26371   14678   
57615   98927   49267   86838   37635   
68518   70009   71953   42180   85263   
62557   7765    47279   65172   28778   
27493   5576    77543   48313   55815   
59908   99205   25993   72472   62046   
42637   78188   42889   66704   31628   
38545   82449   95277   80240   74515   
20428   78179   26229   58568   16958   
21762   90935   75705   57177   62710   
10508   90063   99382   32414   37925   
54884   58807   77208   34163   13191   