17229   1302    
94862   24283   
60359   96976   
15588   99156   
56310   91297   
40259   70306   
98202   81084   
94098   76798   
56756   78567   
60273   53435   
2174    75987   
81120   91953   
89786   27624   
29712   3491    
815     84782   
56824   23825   
42514   78090   
71981   96167   
45813   8323    
35173   40732   
62168   17115   
12082   3299    
19304   63291   
40414   19222   
39176   12692   
70819   57257   
14027   71463   
61389   6265    
67487   57471   
26155   69591   
90936   50583   
50604   89087   
59677   5189    
88144   96111   
89143   77949   
60273   53435   
21914   99426   
9537    81004   
36917   62921   
83315   97713   
76184   61041   
11304   14413   
70742   95129   
48546   74428   
47228   37339   
19990   69457   
37905   79174   
1755    8992    
3712    4471    
98651   21092   
47848   27141   
81852   75022   
64492   2034    
61458   37287   
68439   81611   
64682   41541   
36640   44919   
76185   23543   
64866   46639   
25182   127     
62168   17115   
8895    82001   
58630   29504   
40414   19222   
6329    69747   
81238   31289   
33686   89390   
84463   67848   
48546   74428   
66529   40760   
33686   89390   
12947   84934   
94521   12153   
62168   17115   
46257   86476   
75708   40043   
424     46067   
73552   97572   
99272   88945   
81963   88331   
94862   24283   
95972   91103   
96749   7743    
13565   80225   
12477   76143   
62168   17115   
47570   90083   
8042    26115   
44896   78144   
20679   54281   
23266   69035   
33315   13492   
993     28800   
77790   85097   
37343   39833   
89626   89235   
5717    86442   
89062   87435   
72743   1992    
85505   11271   
2194    70135   
14355   22761   
51913   95810   
44590   27579   
94571   64538   
40351   50366   
47570   90083   
65492   91680   
90502   59569   
95440   79784   
10901   95742   
36922   98586   
92917   5227    
98316   98338   
49382   19413   
2255    58266   
14878   88826   
94862   24283   
89600   16664   
22059   75705   
12947   84934   
13654   81319   
44528   41885   
16301   79062   
71783   16413   
38657   37384   
12996   60482   
70819   57257   
38341   95953   
31869   68655   
99593   32036   
50849   9821    
9537    81004   
18648   20816   
46602   99697   
45813   8323    
99333   36800   
97741   78974   
39968   84178   
48973   30745   
66234   13188   
38341   95953   
79384   77333   
85388   10762   
70757   30531   
70819   57257   
26155   69591   
99874   94517   
42484   83696   
46603   17648   
44967   38830   
99874   94517   
72743   1992    
17668   10053   
27312   40885   
57643   4537    
38765   91565   
31837   56149   
40414   19222   
48257   29335   
71512   36201   
59405   91640   
25345   87815   
70372   87130   
55888   38627   
61389   6265    
48392   38644   
85505   11271   
9442    6194    
54665   99094   
60273   53435   
38657   37384   
44881   87484   
86029   45632   
27310   62983   
12671   60923   
71981   96167   
38765   91565   
15588   99156   
71512   36201   
71981   96167   
52214   66593   
3008    17377   
7352    96460   
66529   40760   
28711   14547   
94862   24283   
38906   27813   
64570   52832   
32054   85950   
10659   55243   
71981   96167   
70819   57257   
77550   66436   
21246   59305   
95440   79784   
64936   47394   
94862   24283   
31425   38883   
93224   30942   
3712    4471    
50849   9821    
12349   58134   
50189   62724   
54729   28626   
37905   79174   
88264   7275    
63595   21772   
86029   45632   
21709   13114   
84353   78056   
80905   98474   
11424   45188   
5685    28018   
71981   96167   
89494   353     
14785   2861    
81756   21126   
87137   25126   
80588   21327   
80192   31507   
87995   90302   
83991   45574   
99874   94517   
43269   1959    
52758   18438   
71788   71010   
34298   77902   
23513   66257   
70819   57257   
74393   52410   
92225   78861   
70800   34371   
63457   50305   
48528   89236   
52102   38922   
73663   94544   
48874   90405   
50849   9821    
13565   80225   
69922   98811   
45813   8323    
66627   37160   
20958   80118   
10190   80566   
66247   62878   
70467   35224   
270     43709   
85505   11271   
78510   69028   
9442    6194    
17484   89308   
13952   77176   
66529   40760   
57032   43033   
14812   97603   
85505   11271   
66234   13188   
29114   24304   
59976   55014   
92833   17169   
94862   24283   
3685    37543   
20383   41137   
48377   85394   
88642   14283   
50789   18750   
28512   47165   
89062   87435   
32204   11233   
61570   85841   
32788   44928   
50849   9821    
98202   81084   
98202   81084   
13920   67235   
95440   79784   
57201   58622   
92917   5227    
22452   61204   
23428   63607   
88612   93753   
49209   47288   
44528   41885   
22059   75705   
71788   71010   
815     84782   
35702   82100   
43859   51298   
70819   57257   
99888   2455    
7352    96460   
99333   36800   
29076   52058   
66529   40760   
38765   91565   
17102   43163   
43252   48561   
624     38835   
78573   22011   
50628   16902   
65540   78384   
31654   48871   
39787   53417   
79016   62490   
61539   8305    
5008    48659   
5443    22022   
64119   18239   
63565   80172   
33485   33068   
87833   94045   
1414    64095   
87995   90302   
94862   24283   
54810   46068   
11424   45188   
11150   51254   
14517   21843   
12349   58134   
33672   19100   
72743   1992    
67660   87614   
47570   90083   
70819   57257   
98202   81084   
28585   33235   
11499   11299   
17823   30681   
43252   48561   
28183   32906   
95892   26089   
81852   75022   
67162   67106   
89677   77191   
53701   23724   
95440   79784   
83991   45574   
29114   24304   
41147   49473   
50565   12905   
58630   29504   
71481   17506   
8042    26115   
33945   46097   
92917   5227    
23728   68745   
51841   81748   
59608   13308   
98763   37955   
63037   29073   
20679   54281   
9779    67426   
98202   81084   
24279   42041   
75708   40043   
82959   8880    
63659   46986   
8399    90294   
45813   8323    
95440   79784   
9912    46894   
380     49139   
61570   85841   
38538   63891   
24279   42041   
8330    31625   
76470   7808    
8042    26115   
20318   90739   
881     66115   
80754   50404   
43666   83152   
38845   94140   
4999    45255   
98190   61103   
70793   47755   
2085    91936   
23739   26885   
5008    48659   
80192   31507   
98651   21092   
94862   24283   
46405   35434   
55970   38763   
8042    26115   
36718   50876   
16640   89525   
29554   95393   
24217   10515   
43381   83216   
48257   29335   
15281   25886   
14785   2861    
97255   92324   
4492    65089   
47228   37339   
36083   59002   
47167   32772   
78279   66956   
29600   32908   
49331   69600   
71981   96167   
51944   57717   
94990   42531   
98357   63784   
9980    19319   
10430   83937   
35019   3252    
53227   93977   
43455   77054   
33315   13492   
64682   41541   
45813   8323    
28874   84574   
78395   33884   
57129   18729   
66529   40760   
66529   40760   
33654   98047   
99196   14185   
51123   74581   
90088   76515   
79918   46248   
48433   14026   
38418   32544   
45795   61072   
50849   9821    
20320   88832   
6304    77509   
88144   96111   
94862   24283   
975     92728   
815     84782   
45474   77251   
56286   35492   
72743   1992    
51123   74581   
99888   2455    
82411   41362   
64682   41541   
69248   59619   
8042    26115   
85388   10762   
54310   6330    
29883   72976   
48546   74428   
66500   5931    
20418   81359   
71788   71010   
95440   79784   
58234   46764   
59880   57037   
8042    26115   
92917   5227    
89062   87435   
21071   53166   
66529   40760   
7630    45065   
42514   78090   
34298   77902   
75176   24577   
58908   76388   
71262   10213   
84490   18737   
881     66115   
84990   62667   
17229   1302    
81852   75022   
15079   34923   
57643   4537    
40414   19222   
79085   13331   
36796   96883   
4586    55137   
70819   57257   
26155   69591   
25395   59395   
72137   2584    
96338   30586   
33945   46097   
4804    59331   
72743   1992    
43535   75571   
25180   65261   
21914   99426   
424     46067   
17229   1302    
45813   8323    
76614   81402   
6329    69747   
95440   79784   
60687   47600   
31869   68655   
84353   78056   
33030   620     
81852   75022   
69053   3574    
81589   43727   
61647   92363   
83469   49999   
95440   79784   
50789   18750   
83887   95311   
50306   4159    
50849   9821    
60106   30787   
23266   69035   
31869   68655   
38657   37384   
81120   91953   
5456    45963   
46794   99071   
30836   41590   
11424   45188   
72242   5211    
14785   2861    
72682   59672   
14363   51250   
18258   36221   
2980    87923   
58234   46764   
27896   71299   
18125   29320   
69446   61615   
85340   94351   
65269   24044   
93138   14260   
27761   10763   
17823   30681   
72053   15319   
94862   24283   
44881   87484   
99874   94517   
66927   75898   
74984   1824    
84353   78056   
57099   68309   
67487   57471   
45813   8323    
94316   81707   
48593   40670   
22863   1893    
22348   4310    
96844   64737   
55232   46612   
19902   19298   
72743   1992    
25055   27953   
50789   18750   
28140   93500   
47570   90083   
14082   14635   
61734   81988   
34310   54383   
460     55701   
66529   40760   
12184   67941   
25425   63885   
54501   88645   
99874   94517   
624     38835   
61252   30523   
66529   40760   
25889   49038   
58908   76388   
95241   65369   
95252   74079   
32540   56061   
13295   79984   
41307   22740   
32097   95507   
48838   68169   
79918   46248   
31869   68655   
76274   58721   
66529   40760   
59192   9229    
66529   40760   
14468   80711   
65895   15905   
11559   49578   
26727   18811   
57643   4537    
5685    28018   
18173   32105   
26292   26957   
81120   91953   
35595   74114   
5456    45963   
45813   8323    
70880   98836   
67408   24770   
9871    31488   
86739   53370   
73585   87457   
86101   1374    
75708   40043   
48392   38644   
26727   18811   
99874   94517   
36083   59002   
9681    14707   
40259   70306   
218     19342   
79518   52825   
87206   22603   
59328   14084   
18258   36221   
16613   82073   
70819   57257   
25008   89067   
94168   60859   
31869   68655   
47570   90083   
8042    26115   
2883    13286   
99888   2455    
1472    24523   
93224   30942   
94862   24283   
8042    26115   
75708   40043   
99326   97364   
40351   50366   
66529   40760   
8042    26115   
70819   57257   
3361    68732   
27896   71299   
66529   40760   
642     94585   
33686   89390   
43150   11784   
66529   40760   
50110   90745   
48447   25932   
89652   25605   
8399    90294   
48094   78337   
98042   19771   
68619   52152   
47570   90083   
2194    70135   
87478   18015   
6329    69747   
33611   92481   
7392    22362   
54729   28626   
16078   43839   
97990   63116   
42514   78090   
31063   46723   
55105   49087   
19361   55547   
43252   48561   
98202   81084   
37069   38508   
60902   81462   
67487   57471   
33315   13492   
57205   73818   
54967   5550    
25008   89067   
56015   64858   
91631   738     
53116   41168   
12671   60923   
69816   25466   
87539   3193    
64981   55187   
3712    4471    
61539   8305    
22530   40643   
15274   67989   
67162   67106   
43209   38231   
73552   97572   
33315   13492   
40452   33317   
70412   93728   
50849   9821    
48267   4978    
91176   33993   
91176   33993   
99874   94517   
66139   20088   
86794   96297   
82229   75329   
70098   74297   
58422   15269   
66234   13188   
26635   24968   
66752   10963   
92532   33009   
77618   50666   
70800   34371   
25180   65261   
40737   97436   
19732   85823   
63659   46986   
71781   22648   
22431   76884   
56037   31956   
79412   67358   
72053   15319   
35740   54156   
21246   59305   
97628   5813    
35295   65168   
21709   13114   
24534   57695   
66529   40760   
89326   34987   
19849   72498   
31869   68655   
60273   53435   
38657   37384   
70819   57257   
3576    5203    
14785   2861    
72743   1992    
65593   88839   
85521   94851   
642     94585   
52327   25827   
26594   81168   
70819   57257   
57201   58622   
50849   9821    
47570   90083   
45813   8323    
84911   16622   
3198    92589   
4850    93942   
95440   79784   
66529   40760   
78070   69038   
88144   96111   
40979   45253   
9590    69325   
23420   95171   
64278   8604    
59192   9229    
78395   33884   
44874   40248   
68428   65327   
83229   72450   
99518   36258   
67186   87006   
7237    97117   
13110   44173   
17484   89308   
74340   98134   
5075    30276   
7630    45065   
9779    67426   
45813   8323    
31837   56149   
98202   81084   
31869   68655   
12151   41197   
83991   45574   
71512   36201   
49219   59073   
28183   32906   
31869   68655   
61212   67289   
50789   18750   
58234   46764   
14124   7211    
25889   49038   
33672   19100   
13733   31375   
66529   40760   
93224   30942   
708     15238   
67787   56355   
21071   53166   
27594   20715   
38657   37384   
22223   85510   
70466   67076   
79118   84083   
99874   94517   
94521   12153   
18954   86640   
9537    81004   
36083   59002   
57347   53460   
319     67642   
20958   80118   
81852   75022   
19304   63291   
40259   70306   
98202   81084   
91189   85113   
91924   40122   
97741   78974   
12349   58134   
51532   28261   
46771   13658   
97741   78974   
91058   69342   
88642   14283   
98202   81084   
48580   94145   
58908   76388   
20679   54281   
81903   55177   
50849   9821    
36819   91010   
94862   24283   
14783   32608   
29145   96170   
94862   24283   
9491    77194   
79412   67358   
4804    59331   
80588   21327   
18865   65029   
83945   30041   
72743   1992    
17938   39736   
8042    26115   
30324   72815   
66234   13188   
91631   738     
22359   93494   
63565   80172   
47870   24000   
17877   8955    
24361   39264   
87137   25126   
96667   90042   
88642   14283   
46274   20117   
25345   87815   
98316   98338   
44356   56870   
15960   35734   
97526   22262   
27260   2394    
45813   8323    
83229   72450   
5606    2787    
43535   75571   
88338   62995   
99888   2455    
18669   56410   
79429   34901   
48392   38644   
15935   24709   
17229   1302    
47506   48796   
51291   61581   
815     84782   
11051   69443   
38765   91565   
63659   46986   
25806   19936   
76438   33216   
69997   84076   
1461    72010   
17518   93818   
99874   94517   
48546   74428   
8203    92630   
65179   91858   
86092   57247   
73330   10085   
65179   91858   
48094   78337   
33517   64975   
96732   67065   
76375   163     
51123   74581   
21071   53166   
49893   69979   
56058   99905   
93384   57759   
12947   84934   
42721   63450   
624     38835   
4675    46522   
50849   9821    
6220    1246    
71981   96167   
47179   68040   
86946   6537    
57201   58622   
62914   89073   
27896   71299   
32362   41331   
46598   17696   
70819   57257   
98202   81084   
84490   18737   
22745   19875   
55507   52135   
99888   2455    
98202   81084   
57257   57369   
26155   69591   
38431   67887   
78081   28113   
84353   78056   
57732   48557   
14785   2861    
6003    77858   
65776   10433   
38579   54168   
16811   83976   
70819   57257   
94862   24283   
64570   52832   
99888   2455    
92917   5227    
45813   8323    
70819   57257   
66529   40760   
76512   12570   
56756   78567   
54501   88645   
54729   28626   
50849   9821    
66529   40760   
30481   70252   
94521   12153   
44552   76822   
77618   50666   
50169   6210    
83289   95949   
32243   4427    
94742   55768   
13876   58239   
74393   52410   
54729   28626   
21246   59305   
14468   80711   
16764   69026   
33670   46994   
54133   64992   
7352    96460   
55968   74938   
50789   18750   
24753   83068   
98202   81084   
63642   64470   
97910   44799   
42514   78090   
52773   97019   
28874   84574   
14468   80711   
71981   96167   
21213   90760   
61570   85841   
9813    19533   
26594   81168   
66529   40760   
64814   7870    
64970   75335   
86936   56909   
98202   81084   
23513   66257   
98202   81084   
33672   19100   
93384   57759   
59049   88348   
57257   57369   
76270   18451   
71981   96167   
62091   16317   
58224   24158   
31951   81076   
19732   85823   
60273   53435   
79429   34901   
41065   29794   
52723   67556   
86029   45632   
47748   18179   
89062   87435   
52766   62942   
70880   98836   
71400   78507   
99874   94517   
50849   9821    
89786   27624   
35019   3252    
25681   26072   
14878   88826   
93384   57759   
68931   29063   
79970   94582   
40414   19222   
20679   54281   
6368    32558   
99874   94517   
50886   75354   